% -------------------------------------------------------------------
%  Generated by MATLAB on 11-May-2026 14:41:51
%  MATLAB version: 25.2.0.3177638 (R2025b) Update 5
% -------------------------------------------------------------------
                                                  

Fz_stat_FL = Simulink.Parameter;
Fz_stat_FL.Value = 3921.3656;
Fz_stat_FL.HasCoderInfo = false;
Fz_stat_FL.Description = '';
Fz_stat_FL.DataType = 'double';
Fz_stat_FL.Min = [];
Fz_stat_FL.Max = [];
Fz_stat_FL.DocUnits = 'N';

Fz_stat_FR = Simulink.Parameter;
Fz_stat_FR.Value = 3921.3656;
Fz_stat_FR.HasCoderInfo = false;
Fz_stat_FR.Description = '';
Fz_stat_FR.DataType = 'double';
Fz_stat_FR.Min = [];
Fz_stat_FR.Max = [];
Fz_stat_FR.DocUnits = 'N';

Fz_stat_RL = Simulink.Parameter;
Fz_stat_RL.Value = 3922.1269;
Fz_stat_RL.HasCoderInfo = false;
Fz_stat_RL.Description = '';
Fz_stat_RL.DataType = 'double';
Fz_stat_RL.Min = [];
Fz_stat_RL.Max = [];
Fz_stat_RL.DocUnits = 'N';

Fz_stat_RR = Simulink.Parameter;
Fz_stat_RR.Value = 3922.1267;
Fz_stat_RR.HasCoderInfo = false;
Fz_stat_RR.Description = '';
Fz_stat_RR.DataType = 'double';
Fz_stat_RR.Min = [];
Fz_stat_RR.Max = [];
Fz_stat_RR.DocUnits = 'N';

cog_height = Simulink.Parameter;
cog_height.Value = 0.604;
cog_height.HasCoderInfo = false;
cog_height.Description = '';
cog_height.DataType = 'double';
cog_height.Min = [];
cog_height.Max = [];
cog_height.DocUnits = 'm';

g = Simulink.Parameter;
g.Value = 9.806;
g.HasCoderInfo = false;
g.Description = '';
g.DataType = 'double';
g.Min = [];
g.Max = [];
g.DocUnits = 'm/s^2';

lF = Simulink.Parameter;
lF.Value = 1.466;
lF.HasCoderInfo = false;
lF.Description = '';
lF.DataType = 'double';
lF.Min = [];
lF.Max = [];
lF.DocUnits = 'm';

lR = Simulink.Parameter;
lR.Value = 1.509;
lR.HasCoderInfo = false;
lR.Description = '';
lR.DataType = 'double';
lR.Min = [];
lR.Max = [];
lR.DocUnits = 'm';

pitchAngle = Simulink.Parameter;
pitchAngle.Value = [0.00443372596055269; 0.0047201269853804; 0.0050065280102081; ...
                    0.00529292903503581; 0.00557933005986352; 0.00586573108469122; ...
                    0.00615213210951893; 0.00643853313434663; 0.00672493415917434; ...
                    0.00701133518400204; 0.00729773620882975; 0.00758413723365745; ...
                    0.00787053825848516; 0.00815693928331287; 0.00844334030814057; ...
                    0.00872974133296828; 0.00901614235779598; 0.00930254338262369; ...
                    0.00958894440745139; 0.0098753454322791; 0.0101617464571068; ...
                    0.0104481474819345; 0.0107345485067622; 0.0110209495315899; ...
                    0.0113073505564176; 0.0115937515812453; 0.011880152606073; ...
                    0.0121665536309007; 0.0124529546557284; 0.0127393556805562; ...
                    0.0130257567053839; 0.0133121577302116; 0.0135985587550393; ...
                    0.013884959779867; 0.0141713608046947; 0.0144577618295224; ...
                    0.0147441628543501; 0.0150305638791778; 0.0153169649040055; ...
                    0.0156033659288332; 0.0158897669536609; 0.0161761679784886; ...
                    0.0164625690033163; 0.016748970028144; 0.0170353710529717; ...
                    0.0173217720777994; 0.0176081731026271; 0.0178945741274549; ...
                    0.0181809751522826; 0.0184673761771103; 0.018753777201938; ...
                    0.0190401782267657; 0.0193265792515934; 0.0196129802764211; ...
                    0.0198993813012488; 0.0201857823260765; 0.0204721833509042; ...
                    0.0207585843757319; 0.0210449854005596; 0.0213313864253873; ...
                    0.021617787450215; 0.0219041884750427; 0.0221905894998704; ...
                    0.0224769905246981; 0.0227633915495259; 0.0230497925743536; ...
                    0.0233361935991813; 0.023622594624009; 0.0239089956488367; ...
                    0.0241953966736644; 0.0244817976984921; 0.0247681987233198; ...
                    0.0250545997481475; 0.0253410007729752; 0.0256274017978029; ...
                    0.0259138028226306; 0.0262002038474583; 0.026486604872286; ...
                    0.0267730058971137; 0.0270594069219414; 0.0273458079467691; ...
                    0.0276322089715968; 0.0279186099964245; 0.0282050110212523; ...
                    0.02849141204608; 0.0287778130709077; 0.0290642140957354; ...
                    0.0293506151205631; 0.0296370161453908; 0.0299234171702185; ...
                    0.0302098181950462; 0.0304962192198739; 0.0307826202447016; ...
                    0.0310690212695293; 0.031355422294357; 0.0316418233191847; ...
                    0.0319282243440124; 0.0322146253688401; 0.0325010263936678; ...
                    0.0327874274184955; 0.0330738284433233; 0.033360229468151; ...
                    0.0336466304929787; 0.0339330315178064; 0.0342194325426341; ...
                    0.0345058335674618; 0.0347922345922895; 0.0350786356171172; ...
                    0.0353650366419449; 0.0356514376667726; 0.0359378386916003; ...
                    0.036224239716428; 0.0365106407412557; 0.0367970417660834; ...
                    0.0370834427909111; 0.0373698438157388; 0.0376562448405665; ...
                    0.0379426458653942; 0.038229046890222; 0.0385154479150497; ...
                    0.0388018489398774; 0.0390882499647051; 0.0393746509895328; ...
                    0.0396610520143605; 0.0399474530391882; 0.0402338540640159; ...
                    0.0405202550888436; 0.0408066561136713; 0.041093057138499; ...
                    0.0413794581633267; 0.0416658591881544; 0.0419522602129821; ...
                    0.0422386612378098; 0.0425250622626375; 0.0428114632874652; ...
                    0.0430978643122929; 0.0433842653371207; 0.0436706663619484; ...
                    0.0439570673867761; 0.0442434684116038; 0.0445298694364315; ...
                    0.0448162704612592; 0.0451026714860869; 0.0453890725109146; ...
                    0.0456754735357423; 0.04596187456057; 0.0462482755853977; ...
                    0.0465346766102254; 0.0468210776350531; 0.0471074786598808; ...
                    0.0473938796847085; 0.0476802807095362; 0.0479666817343639; ...
                    0.0482530827591916; 0.0485394837840194; 0.0488258848088471; ...
                    0.0491122858336748; 0.0493986868585025; 0.0496850878833302; ...
                    0.0499714889081579; 0.0502578899329856; 0.0505442909578133; ...
                    0.050830691982641; 0.0511170930074687; 0.0514034940322964; ...
                    0.0516898950571241; 0.0519762960819518; 0.0522626971067795; ...
                    0.0525490981316072; 0.0528354991564349; 0.0531219001812626; ...
                    0.0534083012060903; 0.053694702230918; 0.0539811032557458; ...
                    0.0542675042805735; 0.0545539053054012; 0.0548403063302289; ...
                    0.0551267073550566; 0.0554131083798843; 0.055699509404712; ...
                    0.0559859104295397; 0.0562723114543674; 0.0565587124791951; ...
                    0.0568451135040228; 0.0571315145288505; 0.0574179155536782; ...
                    0.0577043165785059; 0.0579907176033336; 0.0582771186281613; ...
                    0.058563519652989; 0.0588499206778168; 0.0591363217026445; ...
                    0.0594227227274722; 0.0597091237522999; 0.0599955247771276; ...
                    0.0602819258019553; 0.060568326826783; 0.0608547278516107; ...
                    0.0611411288764384; 0.0614275299012661];
pitchAngle.HasCoderInfo = false;
pitchAngle.Description = '';
pitchAngle.DataType = 'double';
pitchAngle.Min = [];
pitchAngle.Max = [];
pitchAngle.DocUnits = 'rad';

pitchStiffness = Simulink.Parameter;
